0 100 100 100
1 23 42 54
0 400 600 54
1 73 63 3
2 10 39 5
0 100 100 100
1 23 42 54
0 400 600 54
1 73 63 3
2 10 39 5
0 100 100 100
1 23 42 54
0 400 600 54
1 73 63 3
2 10 39 5
0 100 100 100
1 23 42 54
0 400 600 54
1 73 63 3
2 10 39 5
0 100 100 100
1 23 42 54
0 400 600 54
1 73 63 3
2 10 39 5
0 100 100 100
1 23 42 54
0 400 600 54
1 73 63 3
2 10 39 5
0 100 100 100
1 23 42 54
0 400 600 54
1 73 63 3
2 10 39 5
0 100 100 100
1 23 42 54
0 400 600 54
1 73 63 3
2 10 39 5
0 100 100 100
1 23 42 54
0 400 600 54
1 73 63 3
2 10 39 5
0 100 100 100
1 23 42 54
0 400 600 54
1 73 63 3
2 10 39 5
0 100 100 100
1 23 42 54
0 400 600 54
1 73 63 3
2 10 39 5
0 100 100 100
1 23 42 54
0 400 600 54
1 73 63 3
2 10 39 5
0 100 100 100
1 23 42 54
0 400 600 54
1 73 63 3
2 10 39 5
0 100 100 100
1 23 42 54
0 400 600 54
1 73 63 3
2 10 39 5
0 100 100 100
1 23 42 54
0 400 600 54
1 73 63 3
2 10 39 5
0 100 100 100
1 23 42 54
0 400 600 54
1 73 63 3
2 10 39 5
0 100 100 100
1 23 42 54
0 400 600 54
1 73 63 3
2 10 39 5
0 100 100 100
1 23 42 54
0 400 600 54
1 73 63 3
2 10 39 5
0 100 100 100
1 23 42 54
0 400 600 54
1 73 63 3
2 10 39 5